70 56
230
247
253
232
80
80
125
164
231
250
250
253
123
69
111
153
232
252
250
255
174
63
98
134
234
252
251
255
220
78
85
117
237
252
251
252
252
110
72
101
243
252
250
251
255
163
63
97
244
252
251
251
255
218
76
84
244
252
251
251
253
249
110
73
244
253
251
251
251
255
159
69
243
254
252
252
251
255
209
74
241
253
252
253
252
255
242
101
240
254
253
252
252
252
255
138
237
254
253
253
252
251
255
181
236
255
252
253
252
252
255
219
236
255
252
253
252
253
254
247
236
255
253
253
253
253
252
255
236
255
254
253
253
253
253
255
236
255
254
253
253
253
252
250
235
255
252
252
252
252
232
220
234
254
251
251
253
231
201
205
234
253
251
253
242
196
190
196
233
253
251
252
213
184
187
191
233
253
253
237
189
181
183
188
234
253
252
212
181
181
182
185
235
255
242
195
185
184
181
184
236
255
223
191
189
186
183
183
239
250
207
191
190
187
187
187
242
239
201
195
191
191
190
187
243
227
197
197
195
195
191
188
245
217
200
203
200
198
197
194
240
209
201
202
200
199
198
198
235
207
203
202
200
200
200
199
244
212
203
204
203
201
200
201
206
226
207
206
206
204
202
201
134
162
166
181
202
203
203
201
161
173
169
167
200
205
201
201
198
207
204
207
225
224
213
208
173
171
174
181
171
176
198
225
125
135
138
122
95
121
162
199
127
127
125
124
129
158
169
166
134
131
123
140
135
160
194
212
135
139
140
136
152
194
220
224
148
152
173
195
202
189
173
162
164
153
162
167
138
122
135
160
141
149
182
195
181
176
193
217
174
209
223
215
202
207
222
223
193
205
188
169
178
206
220
219
142
131
119
125
143
155
162
166
91
97
96
100
108
122
134
150
99
121
131
145
162
169
184
199
133
167
178
186
188
187
194
184
180
200
191
181
168
167
166
155
188
193
171
156
154
163
171
186
154
163
155
160
176
194
206
216
133
170
165
182
198
213
216
218
135
174
166
188
198
205
204
199
178
194
182
194
194
198
182
157
185
208
198
170
175
169
142
140
177
191
164
135
142
129
135
149
161
170
150
129
121
123
144
158
145
165
149
125
126
143
152
168
148
180
151
127
149
164
166
167
149
189
160
153
164
168
176
158
161
180
164
164
161
162
181
149
164
166
143
143
145
149
167
139
163
165
148
149
155
157
173
145
175
186
172
171
173
170
190
167
189
197
188
195
196
191
207
192
190
206
211
217
217
211
205
180
196
224
225
228
222
206
192
159
185
201
212
212
215
215
217
219
182
202
211
212
213
215
216
219
174
198
207
212
212
212
215
219
161
193
206
209
210
210
214
218
142
185
203
206
207
210
211
215
133
175
201
206
205
206
207
213
120
166
195
202
204
204
204
209
109
153
190
201
201
200
200
205
99
144
184
197
198
197
197
199
85
135
178
194
197
190
191
196
78
125
170
189
191
187
185
187
69
116
161
182
188
179
173
177
70
106
152
176
183
172
165
160
80
93
147
169
174
163
157
73
107
83
139
160
169
157
132
19
152
75
138
156
162
154
117
4
194
82
137
153
156
147
97
0
217
95
128
147
148
141
83
0
217
110
116
135
140
134
35
0
217
131
98
116
136
100
0
2
212
152
79
105
140
67
0
4
206
175
83
107
133
27
0
1
201
171
93
136
118
0
0
1
198
183
114
120
52
0
1
1
192
213
121
67
9
0
1
5
187
208
150
62
5
0
2
20
186
200
182
58
0
0
11
37
186
194
197
65
0
2
26
43
187
194
209
93
0
5
33
40
192
195
214
110
0
10
34
35
197
198
206
69
0
16
35
38
197
206
171
14
2
18
32
41
199
214
97
2
7
20
30
30
206
185
25
14
15
19
29
11
212
112
2
41
26
19
19
6
205
62
17
65
36
16
8
27
205
71
33
82
57
5
11
46
213
83
36
81
60
1
28
58
184
117
34
47
57
17
47
38
174
161
35
30
59
34
48
9
221
197
48
32
63
43
45
22
226
229
82
45
61
42
37
45
170
208
136
68
122
112
52
74
188
218
214
157
183
193
132
72
233
238
235
200
183
196
182
60
226
216
186
178
213
168
64
38
214
203
214
233
202
73
25
48
174
194
217
180
111
22
36
78
175
191
149
139
88
49
104
163
202
163
129
188
86
99
168
196
152
142
195
188
60
101
176
198
164
198
239
145
36
70
139
182
206
222
237
130
70
78
90
151
222
227
202
77
52
62
67
122
215
206
108
42
51
49
41
64
180
144
53
45
50
41
39
48
150
115
50
48
40
40
45
47
154
94
47
43
40
44
47
48
148
68
46
41
42
43
46
47
133
57
49
44
46
45
46
47
110
58
52
50
50
46
48
55
89
64
61
61
60
58
59
63
81
72
73
73
71
73
73
72
85
83
85
87
85
88
86
88
96
99
100
100
100
105
107
106
109
111
113
112
112
117
126
123
121
126
128
124
123
130
137
139
133
137
140
132
135
145
150
155
149
148
150
145
151
156
161
168
164
165
161
163
174
173
173
176
226
233
241
229
160
210
231
235
224
237
204
183
218
220
227
234
222
235
204
200
221
223
234
241
222
230
236
240
239
245
249
242
221
228
235
245
255
255
252
241
220
226
234
243
254
255
255
231
219
225
235
243
253
255
245
184
216
224
233
242
252
255
177
128
212
221
231
247
255
180
91
144
208
220
240
228
187
57
116
178
202
232
133
21
15
44
141
197
209
178
10
0
3
42
105
162
93
20
2
21
39
53
77
105
0
0
14
50
80
87
85
88
0
4
16
53
80
95
97
96
4
10
23
52
71
85
94
95
2
4
14
43
75
88
85
86
1
8
19
35
55
69
79
84
14
38
40
44
48
50
54
69
22
22
8
12
26
39
65
81
3
0
12
38
48
81
115
30
0
10
38
52
88
122
42
0
4
33
48
81
110
84
1
10
17
44
61
99
97
61
3
11
33
48
73
105
73
34
8
9
44
48
81
100
34
14
1
8
43
52
91
63
10
6
2
7
43
68
77
11
10
2
10
11
49
75
23
5
9
1
20
28
60
42
1
22
7
7
27
44
52
6
15
18
6
20
35
49
23
9
20
0
9
24
43
52
5
30
9
0
12
34
49
60
20
34
4
6
21
46
54
71
39
20
28
8
25
63
64
79
36
18
54
17
51
75
74
96
25
29
69
36
63
89
81
110
13
45
77
72
76
109
94
116
16
67
82
88
88
128
119
124
45
78
94
100
108
100
77
88
70
89
114
128
62
24
42
51
80
109
145
70
16
30
42
51
98
120
63
15
27
43
60
51
70
51
41
54
63
70
66
44
31
57
92
93
78
61
54
54
46
96
116
85
61
42
37
55
46
104
109
49
26
22
49
83
102
143
162
50
13
47
80
107
195
207
200
75
52
88
111
129
206
211
173
115
118
124
137
148
204
200
188
176
163
153
131
112
195
201
207
206
147
81
60
73
194
210
223
189
97
92
123
145
191
219
202
123
62
90
148
176
122
151
102
58
56
89
123
138
63
67
52
49
57
70
93
124
50
54
57
61
63
75
106
138
50
57
70
84
97
115
148
174
49
60
81
105
128
151
173
190
56
66
82
96
112
135
161
183
63
70
77
88
103
128
157
182
69
73
83
97
119
147
170
190
77
83
95
115
139
162
180
196
92
99
113
131
152
173
191
203
109
118
131
146
166
183
197
206
126
134
145
158
172
189
199
207
142
148
156
169
181
198
207
212
160
163
169
178
190
204
212
217
174
176
180
187
198
208
213
218
183
187
192
197
201
209
215
219
238
242
247
247
242
232
194
174
240
245
246
244
247
243
238
212
248
249
238
240
248
241
243
241
244
242
232
238
236
239
232
228
231
226
224
228
227
230
220
227
216
213
216
219
220
218
221
235
185
193
211
218
219
221
229
247
166
190
211
219
221
225
242
238
180
207
218
219
220
234
245
97
200
215
217
218
221
235
162
27
208
213
218
218
241
151
17
24
207
215
219
236
201
43
16
22
148
205
233
225
66
13
20
18
108
155
234
177
15
21
21
21
97
131
213
87
16
24
28
32
98
123
88
14
32
41
44
50
99
125
80
44
50
63
67
62
95
155
195
93
80
65
85
91
106
109
50
6
4
9
27
60
26
0
0
2
14
6
0
5
0
13
7
6
24
20
7
10
15
24
10
13
17
20
6
9
38
39
10
15
18
17
4
11
30
48
29
14
16
14
3
22
23
37
39
25
21
17
7
33
21
28
32
30
21
13
5
11
18
23
32
24
6
7
5
6
18
24
31
8
14
17
21
23
21
28
27
1
42
31
23
45
27
42
27
0
52
30
29
49
39
63
30
0
24
25
46
57
58
84
34
8
12
29
55
50
79
88
47
28
15
21
20
8
90
85
74
53
25
15
5
2
97
93
96
66
79
31
0
2
104
103
105
75
158
120
0
1
110
117
112
102
201
208
63
0
111
128
115
142
217
212
190
71
130
147
127
190
217
205
197
192
125
157
165
209
204
199
186
178
50
77
155
200
202
193
169
139
55
53
61
104
147
171
165
139
40
42
53
64
77
110
135
129
46
61
79
90
92
102
125
132
64
72
84
96
100
111
124
137
73
89
101
109
116
126
133
146
100
115
131
138
145
148
154
166
125
144
155
165
169
168
175
185
151
165
174
180
184
184
189
197
154
160
172
183
186
190
198
203
109
128
153
173
187
197
202
204
94
126
159
182
196
200
204
205
151
160
179
196
203
204
205
206
190
202
203
204
206
206
206
206
157
175
185
197
204
206
207
208
153
173
182
195
203
205
207
207
164
183
198
204
206
211
210
210
193
204
211
211
213
215
214
214
204
211
214
216
217
219
217
218
200
209
215
216
217
218
218
219
200
207
211
213
216
218
219
221
202
206
209
213
216
218
220
224
205
208
209
211
215
217
219
224
207
210
211
213
214
215
219
224
209
211
212
213
215
216
219
223
214
214
215
215
217
218
220
223
216
218
218
218
219
220
223
223
219
220
220
220
220
222
224
225
220
220
221
220
221
222
223
224
221
222
222
222
223
223
222
225
193
207
191
175
175
154
181
214
177
180
214
215
190
183
178
199
229
188
170
203
224
199
180
180
243
241
211
181
205
224
201
168
240
241
240
230
161
200
228
206
242
239
244
173
103
146
188
211
247
245
226
104
122
123
110
77
205
246
164
116
117
75
42
78
84
178
140
98
52
33
66
197
54
100
152
58
27
35
160
227
34
54
69
79
89
106
205
125
27
30
34
95
160
179
168
137
24
31
62
127
177
193
194
194
30
50
103
154
186
198
199
197
45
81
132
170
188
196
193
191
70
115
154
177
187
190
187
185
90
136
163
177
182
183
181
178
104
136
157
166
171
169
169
166
120
143
150
153
158
161
161
169
64
112
125
143
125
124
170
130
53
79
94
118
102
14
13
4
48
67
85
103
123
92
13
21
44
59
89
116
130
145
38
6
43
58
106
132
136
152
127
49
43
55
63
48
27
54
146
96
12
8
1
1
3
24
113
151
6
10
13
10
11
16
33
98
15
18
23
14
8
9
30
37
40
20
24
15
2
9
27
43
58
36
21
11
0
6
38
57
52
63
36
6
0
11
49
55
34
60
71
5
2
6
28
48
8
31
40
2
1
2
22
59
5
16
6
0
1
3
32
85
6
13
1
0
2
6
42
74
7
8
0
4
4
6
49
69
8
6
4
11
4
8
54
80
4
12
16
22
7
10
46
81
80
41
49
38
16
11
40
78
180
93
82
67
23
10
40
79
151
169
94
90
45
22
52
82
130
153
155
87
84
36
49
84
125
138
163
118
83
54
37
80
127
132
152
159
81
74
32
66
138
142
144
175
157
101
60
53
149
146
156
164
204
128
68
45
169
160
157
170
196
151
51
40
188
180
172
178
193
172
89
104
200
194
189
192
202
206
178
192
203
202
200
204
214
226
212
207
207
207
205
208
221
212
217
220
207
210
209
208
207
188
196
210
207
211
213
211
207
207
203
211
208
211
215
213
212
216
214
210
209
213
215
215
214
221
238
227
209
214
216
218
215
219
236
233
213
217
221
218
216
223
233
226
216
220
224
221
219
221
236
237
219
222
224
222
220
219
227
228
221
224
224
224
221
220
221
229
222
227
228
225
221
226
228
223
225
227
229
227
223
227
239
229
225
225
229
230
226
227
236
240
227
229
231
231
231
231
234
240
227
231
231
232
232
235
236
241
227
233
232
234
235
237
238
240
227
233
235
235
236
238
239
240
229
233
235
236
237
240
241
241
227
233
235
235
238
240
240
240
229
233
237
236
238
240
241
242
221
205
187
194
200
204
207
216
218
229
223
198
199
210
214
217
188
199
221
230
220
212
218
226
167
185
192
197
218
235
232
204
176
166
162
179
181
183
134
71
126
124
137
132
86
57
35
55
118
175
84
41
43
46
53
82
209
78
25
56
60
55
68
106
163
31
48
71
73
65
80
116
85
37
66
84
97
84
76
64
41
64
89
107
96
39
17
9
119
118
119
124
91
63
70
72
184
175
168
164
168
158
148
118
190
183
180
175
170
160
160
59
188
185
180
171
163
161
94
25
183
182
175
167
173
114
16
41
178
174
166
175
126
12
11
41
166
167
172
125
14
9
53
96
168
135
67
11
24
64
94
107
64
10
5
34
69
87
104
114
3
21
46
65
82
98
113
115
38
48
61
73
82
92
103
108
27
42
51
58
67
76
91
106
50
53
54
58
58
59
73
93
22
21
25
31
34
43
63
85
28
6
10
15
25
45
67
80
55
8
16
24
38
62
91
127
72
30
0
12
23
41
56
65
95
101
21
1
11
20
24
16
91
96
52
5
8
16
24
20
83
111
75
21
5
17
23
23
84
114
72
21
5
25
32
37
76
68
30
10
13
57
71
66
104
78
44
6
28
83
93
90
115
108
55
15
59
88
95
99
77
120
120
93
98
101
103
106
78
85
146
152
135
128
125
120
85
76
94
142
141
135
134
128
88
75
73
104
121
124
113
104
87
79
75
81
74
64
46
64
87
86
85
92
85
67
68
82
95
98
100
104
103
102
107
109
97
98
106
112
115
115
113
115
90
102
115
121
120
118
119
116
85
104
119
123
122
121
121
132
77
100
121
129
125
127
141
194
98
134
145
148
149
154
186
230
156
171
175
176
165
175
222
230
197
190
180
171
178
217
227
223
202
191
176
191
221
224
223
225
200
184
186
218
220
219
223
230
197
199
221
219
218
222
229
238
223
233
222
216
218
225
235
246
227
229
221
219
224
231
243
251
228
229
223
222
229
239
249
249
225
229
224
226
233
243
250
248
225
231
229
230
236
247
248
246
230
232
230
233
242
249
247
244
227
232
235
238
247
249
247
246
232
233
238
243
249
248
248
246
235
235
242
248
246
247
245
245
227
234
248
247
244
243
243
244
237
248
249
248
243
242
242
242
245
248
250
249
246
241
240
242
244
247
250
250
246
240
240
241
243
247
250
250
246
241
241
240
244
248
250
250
245
242
242
240
243
246
250
250
244
243
241
238
242
245
250
249
247
243
240
238
243
245
250
246
246
242
239
236
225
231
233
236
243
199
94
76
219
228
236
244
220
97
70
96
231
226
220
225
114
79
105
138
149
95
108
106
83
133
145
167
55
51
63
70
117
157
171
178
101
77
48
95
152
167
181
188
144
107
51
98
153
170
180
190
150
123
53
87
142
169
173
184
140
139
62
70
129
160
174
180
42
68
59
59
122
160
173
182
7
24
86
63
131
176
181
193
25
40
124
110
102
178
210
203
18
75
146
157
108
164
230
216
45
130
135
109
125
176
236
232
94
104
92
121
144
164
217
215
55
88
131
141
147
167
198
167
91
126
136
144
152
170
194
194
117
127
138
146
156
173
196
215
118
131
138
145
158
170
191
218
123
128
134
146
156
165
181
206
115
124
134
143
149
162
173
205
115
127
131
134
145
157
176
192
112
115
120
129
141
166
171
176
99
106
113
126
154
172
159
171
92
99
116
150
169
156
151
168
103
125
155
169
153
136
142
169
158
168
158
130
100
106
131
171
55
71
73
50
59
93
131
181
12
26
37
43
65
102
137
197
14
26
40
61
91
120
141
217
19
42
65
87
111
124
156
226
39
65
94
106
113
121
179
228
65
79
105
110
115
125
203
224
82
91
104
114
117
138
221
220
94
88
87
105
115
161
231
217
105
89
69
88
114
190
231
217
114
101
61
67
123
213
224
213
121
107
56
59
142
226
222
213
114
95
42
63
173
230
223
214
100
78
32
84
207
229
223
216
103
71
39
139
230
225
223
216
112
80
88
207
233
224
226
216
110
106
181
235
227
226
228
222
118
183
238
229
226
228
231
223
194
240
234
227
226
229
233
224
237
234
232
228
228
232
237
230
231
231
231
230
232
237
243
227
230
230
231
232
237
244
241
222
230
231
232
238
243
241
236
218
231
234
239
245
241
235
233
213
236
241
244
244
239
234
232
205
246
249
241
240
239
233
232
204
252
248
238
237
236
233
231
203
250
249
240
233
233
231
229
195
248
248
245
235
232
229
221
179
248
246
247
241
234
226
214
169
245
244
244
244
242
229
212
170
244
244
244
244
244
241
230
187
244
244
243
242
243
248
244
172
244
242
244
247
241
205
142
81
244
244
234
209
174
123
91
75
244
238
185
156
140
113
94
76
245
225
171
153
137
110
95
77
239
211
180
156
135
111
95
75
230
207
190
159
136
109
94
79
229
207
194
167
137
109
93
78
235
215
197
176
138
107
91
74
235
225
206
187
139
108
93
74
235
229
215
199
147
104
91
76
235
232
225
214
159
105
88
75
0
0
0
0
0
0
0
0
0
0
0
0
0
0
0
0
0
0
0
0
0
0
0
0
0
0
0
0
0
0
0
0
0
0
0
0
0
0
0
0
0
0
0
0
0
0
0
0
0
0
0
0
0
0
0
0
0
0
0
0
0
0
0
0
0
0
0
0
0
0
0
0
0
0
0
0
0
0
0
0
0
0
0
0
0
0
0
0
0
0
0
0
0
0
0
0
0
0
0
0
0
0
0
0
0
0
0
0
0
0
0
0
0
0
0
0
0
0
0
0
0
0
0
0
0
0
0
0
0
0
0
0
0
0
0
0
0
0
0
0
0
0
0
0
0
0
0
0
0
0
0
0
0
0
0
0
0
0
0
0
0
0
0
0
0
0
0
0
0
0
0
0
0
0
0
0
0
0
0
0
0
0
0
0
0
0
0
0
0
0
0
0
0
0
0
0
0
0
0
0
0
0
0
0
0
0
0
0
0
0
0
0
0
0
0
0
0
0
0
0
0
0
0
0
0
0
0
0
0
0
0
0
0
0
0
0
0
0
0
0
0
0
0
0
0
0
0
0
0
0
0
0
0
0
0
0
0
0
0
0
0
0
0
0
0
0
0
0
0
0
0
0
0
0
0
0
0
0
0
0
0
0
0
0
0
0
0
0
0
0
0
0
0
0
0
0
0
0
0
0
0
0
0
0
0
0
0
0
0
0
0
0
0
0
0
0
0
0
0
0
0
0
0
0
0
0
0
0
0
0
0
0
0
0
0
0
0
0
0
0
0
0
0
0
0
0
0
0
0
0
0
0
0
0
0
0
0
0
0
0
0
0
0
0
0
0
0
0
0
0
0
0
0
0
0
0
0
0
0
0
0
0
0
0
0
0
0
0
0
0
0
0
0
0
0
0
0
0
0
0
0
0
0
0
0
0
0
0
0
0
0
0
0
0
0
0
0
0
0
0
0
0
0
0
0
0
0
0
0
0
0
0
0
0
0
0
0
0
0
0
0
0
0
0
0
0
0
0
0
0
0
0
0
0
0
0
0
0
0
0
0
0
0
0
0
0
0
0
0
0
0
0
0
0
0
0
0
0
0
0
0
0
0
0
0
0
0
0
0
0
0
0
0
0
0
0
0
0
0
0
0
0
0
0
0
0
0
0
0
0
0
0
0
0
0
0
0
0
0
0
0
0
0
0
0
0
0
0
0
0
0
0
0
0
0
0
0
0
0
0
0
0
0
0
0
0
0
0
0
0
0
0
0
0
0
0
0
0
0
0

};